word
قال
ٱرئيس
ٱلمصري
عبد
