word
فرضها
ٱرئيس
ٱسابق
