word
في
أمان
ٱله
